36441566518061497351455547525107397183123053955356925203612432436214947152409640
00096007396464293664302720098339200581682956734880917676321024312391836481598893
45732859267673424120248655578999193967664250089929330160330979412207365104295873
99019211640442466481024055583980062926696592101142728949552434546310879989836007
07958368049886680319705776335897635352735089639158189785656337057586218533733580
27252676082765452710518290968410275293255818140588056468130997576540865538502767
53723697410469281450476467592198740133341667486580692705382592938001769639481833
62971814683206527846269862380575617471404236047117572834724214118769283604077594
98657524760286712498110604244674634826795185070961840664856865169479218628071726
62409281028482434234713921706958401889244175110628167066038090111134196795380739
47493004861745109201278560618588001877159051026350924710827688915459312900045158
73354389244767441217305588355727960046373364998240338560000684824563702895518756
88243264373175393714709567376120066379619817483840344193223707655664891341656551
25160748061198798565981468306388062071370168145116338488267423351185483564437371
96765425188291383439992303463058872417523191801751826933591024629514783209280477
89245441215158521454250696081650098163216142899468588767911252731345784967123774
70241361634884211485877187524002096897180864251333505039363536009843144667896795
97800772380673539802409219478173939040083118432975249465084040711317231433767575
87491614284559799379385932734470672484844166424952941380535543162054458508314219
26348107564147956721303784878314136714732794759049104453151916292126388617363951
87813767696310210856998697086011317009411296302137989809145173910705777839248123
75221261616079485767791739502193343307452985322044070698943225783184338480066562
09010736991587676626984017360122100867633343246827735132022916145706776566576216
97502012269842894199353578947505764077233932262824327579179041713008736768410511
01606637848732824091985419048081317059865561752768247897251313341608595812443126
87256101543445790111468432052404055080790954790936374695393219551593573975197727
83503744977846710803645704318382431855893069035262093430949300575838407410446469
02185702141554883817045682456033621098340669061606552228474051625067747434962738
25733151927406850951760216487367133440865768095786721483086770970974501398958738
71497559998518054228581134929115775819603290512344700392128167356131128907162475
62315161631615032339784017589072065847742678261810007479432411230534953459498930
58707893284032418517870020750247636692677949385229029695839227081448287372761327
85562216308993930108619574175867193971659947713761872150584309851044275025321031
42448464050971127528178715208799911315026403877980326794443855872539964807334549
10147559608604957595774760833809076008847862435986614024152857352575412664582554
15727278673888676979809168918422864981050655820730828029165019955965210196573127
45297446957695785673433347019752399210471032449439795784222988136695980653656976
00577651259834986293069776261921623408125321781201615991971702072929828896702795
60652998186107933481843769537045566939075990332562334401154997185506585324021289
28483023002285229329825965658439003292668317938065607588226708450973674485510718
31604705526514302596806413788821556570992184172995894820233603279262094364235193
17275330953226041764451118169402350549170524869139045900678595691524276967951435
08169453606565520220888149309183728555114989738549312400497271688359106915352528
93236921322616125558243453734403102231817236827218763174705623324196728404260621
60406081792185353718507492186799261944672561170307522226075483672570271596924922
81663614318015797928290776203058508001688426496482882911640684887889551368601227
69279659820287638052178478974575678137082302509718276572166900267206891123681484
14763173860632703684076698405937965255700816960689811351928821397946004457929319
23902845548307947715890050846187009497506660439094648716469827852406105087706542
35556195158909445763596985225393599031249627840210165782918703635670058851062230
76989780169484007715081178858056892814761904902602046553877933490191062788463120
87877989552241843899245199528010313141729662410549433645043625748069183373291933
87008662726458691188961230136141745862415641848847140806469637766830226345664081
17280700465022682179290813911271884786508571571945430418256861693976380679719272
73007725825098205839355960826475400117235292344264056011427148685048119838941477
41133895246271993476441393811511291623121611675519791246387462028738707494250656
38406311474128114490026865763643890120062128391545356819028232754780898413547212
05882523354747944678389344277392038340701831591013942122646294904900613867251631
28806975844785639867914545722498387873092075985757109109731367480333605840417332
63268334317361651948188476757809999033440061925023953682421395395070696440684490
89275656248492223128818890721409328622367315133198774839021502238550886042943378
18276009288834535877459460845325113227173410681180479839598624919841650681692815
68548777441795350365207344284214543975653206646456907013575210616370235677717252
69198854245644833282798796173114852580980747004061523047611454589733597886967330
58052577997394226427098709234945597604556304687408199284240069091878024430487383
95939922742736178092999994199010067282346593823545793093812848304301387632676315
63677363753464153672987032936683355318792296864283803810006100461539112548926031
46753302094859561128235767398238676883096856440744022101531726319681784146011792
39208588272775143811040066647753623853772827709246797762951380606213580702761144
07724985283194099702337629340054729488797097714585418393515363766549808457313456
22438192970687045659505851607737448946210292971463987717207890231212860716297634
13151814264047113994242924178772409737457794344821393757778189735382457987765403
25887608675178958131604848490134887208405969092329844500412780564163732818886791
53363599443588573889496186067969097025351565750287084294824320186026198863049564
76946132334819816523040507247752689467945299811561779601534454114806158227634925
37718097597576361753466162951950172025494696800581128886708989752997003471921421
64480469282175290832439080945436254058926411642733189643468662742412279292066732
27062417569760384823187830155785409077685051210193873603500624092593623538195182
08160247794542742399327922768819965974791095812765736843217851316130455445659442
43765310916164416907739983704534535276563513580886518119248448267782387316848273
43056696210309525522633345195242081054515706234427015929507144666227406000027447
52016859960318645514998428545228947451055110345903748869332651753606621267897963
60568150878071284808958380715725229747619888613771578112326484096129786175650844
77449737899913329382443180084298328399432368195106515940431937800628059744727917
61089161548904659672794680346293985655281848340173455446025585060663415417590236
47401775525031707994429916232878397235578144096883790201062506825880053641211258
57683548578542048787615837539142748947321098484957661412785554400713687360626710
26487077954155110134581510144276419401049623611414804103760569920733187269198985
17956227411618716107150564701063775911320135361873837804862895000686751949544110
27650140734308765625410881330203205267183330740128776693687346428165582175815161
95464899078514662881497026474535371573159268501206261611917811443992977002531008
60876732847782439883098537450038557870072630497564318611598906599548302802725622
98653120434999946243105640115460967080741288262489633805317522089598390450633886
30745448008223558750742693984693934843103207782185171038562506598391671983701529
23589825922440954102477269613911223406148819030858660576407579753921159389713289
11765534885905853954835562340643127633635523383218736851248469871175296497040930
54595778261132142472308870618688828131625777120682936204029350498581841096259785
43440551824699313177685359377097705590534029949685579588895962570594777327328543
01679241289577172065240662111086604007561600535721406702210070000917999601259658
01741470469651415489253907106892356524929218972022862825896153590432155762629434
45532940339233761036225250408751080340992900260032015893644183713633807693252026
60209952851827243457436084887299029460028462533722904125779989499027358443378679
22748810001642752970294193474281181806643800124194094843637321111482295367908806
92473004110800986065438312469940631831446830837571827018710306741555997043637259
73055125147144860619342410704329835628107082642893175620042198957096171241648859
46074287548612430911683580385064967151010790741321308179514991892882857840069359
83598406487403541392888486586993897821822873886603151831106207434869672498252071
57440832747143027582526558810648155264377027877374280396149631629871127667932374
42172693919244922595390834324580672162899228039392276477814645932259790200708264
98345718749756050550058985126020031191955795316442918884152468304477668312298426
41063876708680012070376756192057020804902060929459838721802374200618346516794017
49239431563240880878302260518964207087007997634494870360137104611688552755897837
52380039737757223836861553200097993243934848694191946680526829408652922031153111
72460288902696838559825561570075896880394091536353606084499569536308126762302609
93264040867413561780973339719998840944230567721983953582554350089476695608994743
92670396323727158801260622437309854753465344814727927569935730810390437892861105
28255704839374550789250785341604414039859568391405128445105394466153032237072656
61449165405622261126044096148043499791545817387209417757271712014440601651494929
92183969305093920749972816457127788161086738343240072902114296203574027601011183
38327799098827279218103875601331065084184297981208651266246784892865318016412304
67601530118622436928207103397122995637917279100156928524576245128336225100053186
94243360926664133262674380258061435604784490963225328861825366951919364967788188
04349211553035860104615313564387833153509148136434780626111708963866637577090488
63009823235577854306192869840365783440817688941563567791169312233073641391941415
11141577268084783994041412322480832361904341250736601715102090126632381416843171
89012883679184987824312975074709875359737194313902072667427564002455671321853945
79977504195840487025731490825145387051823034300610220861182455454018320610407706
43989133440614703615548864479675125606941088053006985804042948419154935144628384
34144256188435641878692127447207807413084492215780107915338481975675229116172199
98649256795288659500274867443656230790084453808253313751870916254894684315163937
79595920517150060919398653527748494203862896105184403245495948715878016429131665
50569939865409877849993353615545570115044351449197047284476544475726234776789882
39788513152206257475552421641373100974304818579434396289397515008079988248272796
53010112352448566753138269489940840506590918454552571564272714437050344467232553
21282840601468436756398723452776099505591951939689597827214214778899266164476044
84176932310824962952339649917992522155101720713793579139799762401018788786965441
60094868790692399871829883712641545823389033898704167713510768944647662028724345
17287576298638046559767294885006598028810662885337003264193926881017542501001436
83500566652136570457853889653648724867813877308041900038696806870979557099150123
30955102408104785762023498113947825387475019873738389393313806481260147866024841
04106982696598840187324079487012845013564500258804020672568703817980496065417125
04349164903229261142373693455649665141403903312200935963889533151271793476562624
83309408048412844503673746164167595111177503782820027853656080864595124528717033
48323015565429249968367489480414213994445159712726753575227984875497386578674389
26301825332194620961956032447694174557896673221981562011087809550264908048238117
77710764294616545836542603050945019472276648239674143642756432875067781080192740
05192446369407189671817451518434351078026539974801523782007215687083290524347443
75134685004508701382518438503984942794786191175836925537082895913143572581924708
52740188161766838154605826080280707831214217287347324485453642571012533886605104
37577647640337919728184733867507215264041805789970185486016066127885444566541845
16916766096073646999675363827081314965810973246156051450568821324338487620654812
33100171269940668617848244696133129722860264469259652111548025174543345952397942
22010722082511618163126496265439260691632967545076939791384139234090245571743258
86079520262871236418039371124170790705651737684670844292268669191887146568711770
96799881238590439937477076195732713296902685359550532943575545930963094450730031
80593851387160149935506339741129200632499821263315770208017818503622557254304976
08571604410594828418913085441836581030834464231540768031650436615614577467971968
08932461282466184382577260873515155364524096859235266005968971041419897203355484
18262487822171419462904905226339172642726181069810048517343684312409000431373892
42881775169883722220806867791228036256544220223683337123448108787967276110701692
81282360724218769516926201006874765474965667472994157499684030350219042770179918
13128582447556373053483222835426852832232482352288923831289434654745413896304022
13050211300089234965427245673021945362034153803832511756250647751108313208282469
34328164413006780018900746908678707090961455350210947193770324553171889215030567
22329508443429514393232288194348084538983411536265528416304289393036099312568714
53477642906632326358779752504589510103389350382770130925833220644608528330729325
48682580448608261632027131117161332633352963987939519076216612113150554887582154
95413760253640064911840231461467547094916963380160021213003509100420210072517887
41156743562641886753069755621382294812554453565003148207165267361186822468252786
44290651380825580558406818134886786119908290452400477018775508629404792829417936
15864049227682646995072042547549563843125444399315687280542295550732390285823580
14462335792896277102403093277735150679884864202550324402482247195750487330724408
64327205336927852563257203936112018875602824621397971546508312317029347302435657
60449532047047359874287729393575453584952381383257122817414005095421810579970624
88481381932771846112870669408156378074731251072449829841572445866106930661907598
08758714570085434776168719905106715969141128030198959509637798399397471130347201
43933835444874446773740774111437944800391803635248511450421595651069382083788121
36421817565812533864539084736417331744620954046197693750451923117595752870159230
53242364455673934870426039064199900118652173608070814825562633181711887753723555
86458845923374285004904565256438135222820110452472160865272910536917900673826503
55748873452970831551120351574101515904692234638398823599992735620891082938957844
38069620417115746591711657401239715864448997525535851016594879107468793164919574
01168095833420747857292625780867619365850680405415121778977189279952280051831845
58893833388420728415976418011477321289536499413986018074773825702154822098072378
97430445934239469757156418003145527895865281917622344071548580640560586463663004
62115647821847313793006211081551127849282388333701164426461601191310623220046716
34831745611110837692573960421920092093063754311988902486072483514898533542836732
18983083271111201526259816971037955703225303834735557426585859031993707543447807
57086841770385956182923664187055391800542546151851113305159143361765978711979957
87931414384404594066947733631067781942089934115427630680043603386046214487932844
69119740905495640126643534751937982730391423188512400705970528908824510582559494
00961996598650727966081683973294189414940205779536140666781732176106151967840050
93721916345016072696846072811899273221994108642367424768091217762703385490917781
14068353431472916346500432989243333119495259464710914090343994915251953714355359
59398294506598861942754283232113841803850944816709959698687131659696397307982892
06006879922747137415308819873228079107193217077580953109581801727347701381718411
59028456682239693152614732392500962921372821374301039211024091754837477260615675
46461903164602121551563634665645447049216253061894383264106495652244921339067027
68044256032122021010652991755401261215646407762404812346582582197374952139158657
17186970364337848666889633689945938495941245815056371483058146411422154853308674
86076600287215548536360542627136894644944712295543279357665846077723220873924094
53850635365571749619253487865612932665082653661438571739861438056775140360232152
59841006785484418901371127880438011704778149770404906195638149066420013407266368
44725906010465990770498693443302976089079197987452089423655707454517290188500362
53015211161483803752821015625631082917930094462336721171402788474446825703855636
36922582627557644993944248417953547037918751949690912118146755145023824736569502
00084540110737814496683873668736996580793533172081553246660860783459380780014858
97708190448256895901714171619465665602527223423189658073636066328434054748164706
28852689994137750046378266050901645252804677534144450192258262456163244036409064
93574320396307712839725874034225902443632441144228509735186814196494889598126359
22792768467202206068883436780219923903031728275542562470623784019596498777433232
27873328863663846181635438006169416446613974555193370420622131841262493619590798
77025772466666971278708122584706375275565988123477212681731988148516055174895567
74417131734510456873975439768152125994277993403979663967088025913980525249448144
70240012090788410961565155714291244817908360905421728525322000655956134967155879
05410169613077379514451643694095130663163559977412310459305376991453658371940980
01183853476728002560422421596868060407008736836328853921493285919413482616063114
79318361938309331553558570519796781933714077245471725303346509945274245039477673
99756434498676141191147455002477920233098446674970975180989904175040628033379576
13223702899423726129297047660632437384197738478471066387594005875574933774505962
84663856158598748645574378615236759362802412288860717826289964987552663020621209
95037093426622142062285712882958803018171034513623910235446526341181646516447768
69273460460233687487929247945006203136383303623541327263528471203982323202479338
49007464352890454928861106732512289637243202860063000447230868908195299191633580
79395555589901801955728656507632095649667395441155573425292456816170549714666188
32019582668611691876488853077538221400959805459750799415956187574206655638189719
30686979987847314864587672896374908701892689512785442747020122399897253397305667
45207128576291361356687420425406193360426781296732740961694669350794120670982275
09968645155669525792152931789710052836526932754569108079571769534431413917886942
35142457747030617337681746310084421401016466166323587873793276558805669830607072
92361926520533237047653639146825302119426054160545821308071537979369677141766827
63910093756260458201287102670384173128955203389248378353225617382381682354258301
05726049613243609515540087803336998668436786697395980278512578566791169009441761
57802787158261168678791822136756084299793390732827782565663868910567737436106816
16636375710131167287631452068426800384595469371644398129626763679192826244043623
93986373581208844611201427506643096251660591450016394777004470908646638961146666
89217539089424341372016516710088257996915182238000237286668179126398817100334614
55065219027483584637050401273423865838647010750347779056000534387719405891573325
39862805097198693359542356415847303819388820457384776116437075142388341992064562
42701841448241077432587945351567629243111073925470395872593193609891092900575735
79844883138500045407128824485465287957441379025600949900146095240359306185560250
73592522827056605635120200218160475322008273646858000328352437434287814539520189
60388787289255908679618554563164856052114797585095075801108649042787374573088424
58621654008729731495568625398584422305286406619928051361466863685488489727857470
90022882242260455724863294327009145150657100767520265914302964230989611463304837
31600028810925425437401274994922302636227674302858350012173149719519109443460788
67627756626132404758219799234244511980653632975620771010701948171353305660630804
39515067984317807533852236305564837636146346606384217663786854110296383310360528
78728307558712919906563933334821034526832307914367864611382764822167131313434106
26603117157718312475374593266080958689459047054298229436316221162062216343748946
73361626663021889575180310996793621055663253137767372262757702327935874186514988
44097377094219608927776111001082827600215836185927058859776018289750178988859226
42356393531351551718119696104526796720488276717649318596440015924813043577611410
62694476254288263805112905921427195066830891670235013930811906871450448731659614
32464853828150328816517958265016914804050571525595256659969126647146960772955690
84744653051798356498805413834853464755544549715348138430188144025476597583708863
20939506073156885335723963121532163992854987860509366495782878435157023806967834
56457819606309957342689658826853000239342757737430667438686007382995357670443759
76797385343813913626808697191258757628812214196937272201681963330782982563153074
45065913501350126809362983603578131716349110655231217275084789042591947226926745
56681293779365422979663842063805995940209652208051972644820423249805513052432893
88685155939997532545971320389545324168489042847042965391034140589061679205589109
61587922320622852755676522020332332153365947613043106943739059933278404937562117
45490297815483139422341116478040777850774599329321677843956103217325593079540140
29341923309546657017909016932874487052271564785051011551639737264196545527996912
85477244592378411146275177730829858877014915590960634348342720630799707505087683
01577758116434029504975826616799785704105050088088982589706448888853879162004154
33149484598343969137466434695963423482673347698825905818695030071915472870913035
82820959620481280531685858057111241056303569661309823146337344719864446340847886
90397119311609055374482887138360304855926704242197935555630275164226368686289743
48996626180215301313786922517668039148448193827393505206543461974742742423853843
88332543807233658818280506386220608447158278415643772548339627003554433003546064
63945338821890261059831700073300031493040850096154826304740480838843900552208778
76126644747508578099863190080023977702983228225157416652496854491932086766807969
89958282284339803683938703544699321680828581870567931167967455255387642738643067
69996003799526975031325751863370655732727095189225474582810253165382779832168121
40114892025821031490554921873515324847293907215073339806746514195159522104375421
63541409916798316094894456230987006459695006304500806466860095778955141026102840
63177152180623335074220309724606212125991685319261263833272249068586653820092712
45698573854663477886735859287883524075345373457839415071386115506525696420270674
45627855878326944791143038714299646723555253960253043524292060986649721223625034
89921989409211718297157628038301334126935478077755622117533170133213304973700613
64432632053177787982003114999865511472993599452175003109550627989954238954335633
90794011291303189456195703842197368692300819160757468385862735571823734548877992
55278483855785786771209223837109133279131743331287896572664319612479458107276846
60840125400086256775311037333433315512569830833907817523091554792513601751797773
53867517663536501223388657967674929788589920226224611875545299169349141941238056
04959110380038392303891429478219196970056944381678183061772262364498200028815937
84141636583219505310067590954831518079222907955278135751300121143017406285289647
94580633832353158658872648018207246964717101640420792135596934863978133311620750
09499866732947543719302407380267509808842198626640876705059953845140048580616484
90417248667120224515040780423263583674691369749662013382411431997710060858610961
07319266836787310297739546955409021886454351546012507248819667587892359218966509
84872305120599547228218817934598033729698793040987386295884063519559624217982809
34205370543050990928885406053336468368273239616356354548989340780896369530969424
01325354788237021035902479421603453596850141025325237831270752596717934603784023
75514450279691602647408171352542481529857327657908418785124992528858712782115374
65801333402541092629890628158074494522474668075239965634551645450300526998954233
86588881336005724706200383724920285227084643200652703243139338070757660879758447
46628964403987230426779489032763304757212830649632918158615210702008637805852841
63391616408362115495770617204487350433897652794738417136576016290122372371701062
33453522514714402425578857848153387927187506390712082731128047788746415218892469
59729369682593263836781686189036326941251097534905619517399107224613533783152125
36151591148451628049926609732146466691392488671796047538082148527991316087658984
20766162074551445705364231191996656644956146429761486409853173550643783891410274
13487614668258123385687931399177410554694804041098866402150418062238009522925559
10080778623421927458989605097580836522393180272694748920001733199658228901356303
93000903364079254002122570159101387457777826875928298338760168895949773753679678
37542047187277842621121367974417971273419647424917952592717063451835784266216123
47256448930072606549069034800427059293144109670535374473098011383387163364319260
91592691718810734479035156098225372908858157817063797788664917983712102105670491
64521884042679694183216685445823471463590580621209751627820813941852012726103144
88489150086837169319406501386155063371501667533391134302938334086967673635817335
58277274166882271215009667794885223343168895213750613029670968206100093166936837
61963140122849682661705890958710596197694283350647950602477241601059595543931156
59199578774141335445815958127743965995913243087602021082230731739899802328127561
64169738118555880502237146147646075990756251130038455350923037416670438437406478
71828414740307946500407018892436170137851033582046217551610663379724715321633457
41587210490469725167864685320526553015633904761114973119048729456874057016204562
78507836096863842299521921670829945917975386190151681679964193617306721444495475
82339581642582762329139216421448742863698083715540079590709993504693016113667858
94544694279920028750739326417196859342828790072843360426692374258489509909983263
20728800764050819452629693345048019708491577079597546693919274449785614898713910
89228288281907321924636000623410999116451700489407754416705439528663128982833613
61797909931893429152565138801617804925950332509077732583526423806687792985895924
53951160942804445606314292757777930933787557691885541389964942486586064734829079
84741151361851261230698631125448737859040128554299981541720994784203648419463145
47662755819415643003575521083945220393751319384931242335726988320367417035108251
81242189354807042915855619864458270697874484644279921616093373445077553914620736
06560121669207675617216526027485644573437097588826199538960427616007381344820148
56792462038620784600359275124376139215775353127315157141685369661845936120788118
47686887922126421242059264324221365103540130892565694286091503731578375990296041
23240110385452716875517276572403910061038969278793604821578212191964708790586789
96620696222057662204822835512924837331281443550255184939237654779178166654506148
66638129299295193901648308576267245305113055903591918162582331427391616305221312
71500015392356569319740010464874039692648049258791652528560231183911168457680452
52762122840556693858034930492971055788146358779963736595766219662083368649272300
74168464340595712077239604813667163706081068677174965679446211628974362836022780
71465251503670988048155891991507694884647423924698179286688940037346634342005549
95108462904161779865147065376312092679069365747905591191762820496995580745477980
56692529992198223935546422174930522312282657727096497405583303875467134570734263
27454747747226674833314701629367663729941496531713193983618581470955907445481925
33161724650995418174174775191630777441330085956394223316405651904377519944358600
11837575237472415385449015585770344146288644157026061509782536215371549073849925
76747423895408038239153071378606428284688515792344820125600068199429287975181121
19237867588146256203360307559066822191945242371587470591559737553889218035364653
12341806311725369877767527973299898790958939583710782784596355231274030313245878
31001648575456988311218790924807740128296920066406577496217980940737880866686893
32417907544099502820859703684346372403748683841286736961553830592584947950164823
25845465537899772610634058693759011281768418976741845484535724071437861495308592
86864525549898982975562000896734184907377287741160004132655291668158623908661371
71826840656027275399389526140507889838145768430440179254327561489236125062881820
60504791259788058578227971716982711220496126158785935744949532339398963505113862
36983599405314993790413798892034929217043123659852709300620046973806920374692113
26604572163773525351096494347968898201741616471463977310544300906614936437409338
95274772488215717717567841724331720797178938956166333360428132432883044319776130
67778947131867422763108224640867698661890952710941184580057773408408444285864887
23288458074294098018426076161692058170432331105859881239299791683623796892605261
23165685220057264013657106365637232935188065063285139169534123780498835363491609
69273754160828286445113309881396013774245828336898278176128727142680467204342490
36122120271085474413702217236912046591983207427390791448265676875775690276726794
81619390224495653435361860304727048096713043017399879698493403478013612052957388
37285608605620128637724613220971065549046130959485046456586745207519731657556302
43784788354942902654580593839601497289700511457931807604414197934103173816135027
22139190855172112611059963730495201207619981365126556193290067452078101976471826
80182281544118333512120492795146465126715744475534576378435052272697580782940093
62795540673096870950108995827135638097928990087373452411962884342032714388253093
74447972706400259853446500615703281800210138247090296155813710081878568943373502
23629563169555103093371599100870840168617473687810134036467994651288204724932046
94831341968239266642221578535153133170812919625198905404797349984464438329447204
56749310243077753267024393927746821901563966944077145982717547885602611743699809
54731050788133403354212041841884496381769734106610154560996927122069850470639561
86522588105109611935475992936961947398063207274395325307858611553137570157740154
56194259018846248639647938803503426991042051000849001161154801869703271756217550
84148805739107106815685126490760287335796433601289343513243152938487535074173285
93114987247201866835260578979915270427410499169144965158448341602821846197699718
22446903728992407526897418946910643692077925878666472284178463037980220823183605
82180314388585940344442024085482828791842313577602836025364243636124011655346812
27799655718762338120279687461546246215272010416531782355688989247092700788987929
48853865632285932169779630151769399141811698853962184204764982981091879791179417
93769943547212008342415868134621537084863963218060490185516101543675948256310372
01892923101152025775787410384068872405498342926939298332644804842618821656062422
49624132127126683153036330744157225980287708265289052869791939736814846527649502
71154178919989933598940991068265844672949544541676927657832289572240146047790420
99777615025500864627872811256440176782986879871654226457294372632453402830396147
22846386880222046117459174489160488740179911475118061767808418426934035252456040
92695920769881981953828937312586596746181355439290936300445867344336411192777948
90637664291372871670464654385217016474578394602283199751410576907259868325018873
30758281721913686520954153400146511921614914746547615465576178863609608774261214
00812770490004140086666225249378608113760023852783935120639846812151693364838704
87948225102070231710838651148912013593442791419296966182158452107550759218248785
59851872728734864274098098093585365673969250157954244783656765680103584344390826
65539915003216418881702648053131513111782073007392456588712975952545676375449950
81016559438072279219611697946314817904663711494473266421351208180397800211884208
70317476511427542797812434134881980975169489123881862306647710689060723265716539
25935840513624852343195094568473329486365092528838924857751617255052798782018312
71560439279326326652312094541153664872752735317825000718932830133706587804329091
38528023813735643585653655634673939306571911263143775047020450916168257694246271
27628361285760146795546893347785797695186542009460797002441143739421858392097643
26141153992994295353560871740882232073490541786042359958258223210945033261089114
74189095597578364527677312275742118857839443372212313213318190936907160914740101
60427377922029264025099199655379733600225492073077645435143719400993824553048463
34526433008261992737209624872127680743839478637714049008952760047163190328827483
21582492332466814890778184863139346317703411560732841126696490068952440522064015
46117579089504468209907247810595580529049773110199433252293601840071261576086835
63521213101936891095131749349046166078827130884333285478855123250525185182473042
55212108963429288006172458233467601516848570036230733856449779077477775035741513
72572921744663793814019059350250568908251000050409272931375446715892082351131854
48332585600810905116889862342617255532454740831436694066167044221701446277307775
03530825453052215971893750780291938388253399850891763551018798333564585272854271
79951332038356315882188830994305839710715910683373737987118788375375230085115606
75219236705571174519018969327774238117014807334102763243618100708520788915228721
90691831837656443603368928874045060641351398123086512747634009064564391711427512
02445988628447791301320273398539298748209538965988102835084591000649268774572776
08487182357300429920582879574322124952630710862382645989622937935428579066028718
90152886016586317533501842821838369313306781551651449809271458497816114026976562
87272283365649315094810250259814457899118524876516216392304612729821529085586399
54557526507165017581787195313237610053333240141923539452420257973242813851512183
47086200077486357995218146142409398454083561693773080769536849673604174914228060
99351925091820670726126341501364507541757521071999633407267983152569218890755725
53821279060782254797985721908956547177083246782770131415937979890463897692848936
10926122593054793624171936878071062399176337618995195641340135368681993009355222
54906730721009287547494168117950109086654469073433437785967973172762495309572260
19981966427482084283809574031065408760636482196219449325035877434018288798472394
70156753771742785790639674686675414613941476611952311576561860446190989098740655
52810541161242125369662983522020932214358062106466273546675105210431925913303623
12030044042295619868173993309028941518364639596505867921910281078002113573299251
41006812709290843875850584443745707697780735546463287820750650101134260664406644
37302643504793032234954434594031326949944651886169247057970514081200839611801399
59686467140454831185185585432215390846810983945640746985678287411580702472307645
67756056226413230653178389334892630303045693806839073425115834633857536628251905
63241709693131027127612321157244823853680682029575353431151750932160018414192495
97180841088644526392592630237103827534526542091999995944185113927141342720316827
33235881641611708118082837351743794195561065607398695610491851271316107641136186
05648279274170450463601351907660438815137582735562466124973911979029715761579213
16300019201569262516560504408837233801842475699077813356217602938815528785647388
39535092206008936330930246225275343458311797499023918075469742206897205176967912
91129815658784244662322408719945773219169883263826569160954722698498973739809942
29810841527705357397305767598543832800162776894602745716227169113379850005074238
59913604881400753332965522821653808929445240888016804714009445006480885219375032
89923295048121529954217539184757249684679796398866907374691797474754860550975863
88006626204841780100229710294195567090564680047996935902842815137770742031109567
38439223598086468095289304877103033372319694646971905259527263698930691339616852
27725434248243515864708489755103678506482995028872596074296603253590031384842766
18803363245259274022288985351180658395815745464466107164428006900723741848978154
44295587009197540733779191186079611371556509183895722575677057074628282932289022
92276689663660877446956581266111194586073570063811979106568828085043012176728399
62927363097940356299737104884262066984537524483033130414100762624061177533856860
45618526032171552507321972131002464704406461975133731431345928020197337098054862
69823013232268739777040631302173535316353282452255577545686466728162136717746154
80741450281331034321368076066418321786858786458023399364434000197407773937175918
14479268650209438419395450844588630930090583295749031692869089743950974356728379
83119561643989211295190073919463085775919959547559374571251044231034552255453765
28298273241466049677205057234874141609351461837229265408144592480501535242051636
67725601113272674794857126632919487027543973530161418376838478140882134795468655
96344489331519523835166827610962301524795447877579628713881047701125079948911500
08577179257827848628921582616534365391539388456097665194750042324916985959159974
13184246366043685267306063140294566382004502751843024723435246255210582441148695
73486558706488068807962342808233859213344277033383008319469485182813740417447494
65078301240866764716847548101488935845692513029017258767278425574796308447205523
67953395348055910102133297549405763631700478529663916413719784957509972423042056
58425276000631917376491108228584743306271567737187517289604934707338459220577820
97335271175855002333516805420195333561563433429098218862920255228487353433923628
94939838719741634803643504510993300378551100868560686420145932265200669639805448
08247010958016333876857420410447087324170152095750197337686278317658256245353326
25549033321659250754903557191063289562336821728862471478330920855831702202549841
17146543832145229395611575121762729180876013162492538085575467356924412416795869
31446910317954240475495896012347916918113978834538853573953145093163241594056318
87620834453408788454869469640050793308627091424893758368963525891110246815668989
93987212935795622019530850119502471336781376321013663389169106238915748590639299
51662124212130525553580599565324558304604776936182896938179739554539918947891978
60055629439860119687352514184477399534574609783476714194355177271213833954953940
73847312356665493007829188251158575985820115824818004457446693623668095793331089
64165390299998790666382428191303209909887847658596800199002687313797108268329689
03064600737235812347257811149030775672455049758883930279752191167184755217431698
24344976721306653890262094216624893024273157341638631533556712070718807233141250
88699731257513770428541937001922793102554573259470307181000944205027615796761525
13883365763041155651255636958843599486079843426666086417776343112565175369416228
38673629786235246356242729480359532731876707703922484813138655333840940052106961
03974457749030365918596533568548538219504856783514289774087705999791077348771354
17596071599960380110127530940963347951038822016723140944660651559210215603231284
00419177250418511546754073404501390076772316615587037795980983509891807797124020
01343085924721405032099022979303551361089264013923469784408421068673872562657700
08873850011943920035343605880099098719736004687464144106581543091013772311899849
10853392804993177771475833491743608312848120291345877562758069456892471710953253
88338980927911615000308078058500361389928485850731410001904509919747881940625674
08008914869387061066290981588270879423085976880853726026104855166287596847069521
37567797039853698482584437953141413319919211194161721007102453770144763486557096
84802721744059575435239104679635665941806692200944748410754996036749110310250672
30428464587452723706116177754662369544911777137945607300358193719632707529403888
02422390936553827017239648213126948788749358896034881888517198638728334948260978
75026288848557838128444752308518614254823520620491663954486723246080295874704402
93306030805869581669222312598103645338767633020390707163340953500651795926770054
08849594781300515431850103016653286987491726825822928476976677520128084113509980
53443802979524798636555667384124282556414394505518914281720027560252592800112519
28434820790795483126296641481291599236242072638452709844568384956847286971087269
69852316583866058330736285783987144937564286368081093532628785053344101986814066
67641626522075017008700390754214135781109498330612557616589613597308516614751555
71725706956937116043468998887824894795910377430902209857796083686449902357031500
71205350809174920513940538474586236470228042702363881677514243630221159954455711
37613489914882239037747383523128376679376970949356453677819522886958245916150749
63127067847268734639032174413088639599260406575311184386878421427920580562854963
94855746453429930682709473461251681519617048336952209835295102061606015111745375
80435271116379111910198997766155171947288344139419738038416388661237662708812553
47420799789417465827562112221918643377118474027569615045896147973694286948247494
10730254491845854143703699680970542276700618841505608768290299356639670651428947
76800693371760764853229259329498523096081077225075011092512293625668216102027879
58782856008110196765878316363760991808287387810335668523247183634149925123853002
13549902892415783639161816911722376109315515024707826428111150405707043119541190
03291699627029979258999779913946240716352712048792766576453807727987150453750850
29533346429479327818002254864375775816463221858546388821290555856722133130707987
28662178020586406320449635485282933765757226394468837165850001957141368826960547
67158364821374873858432213755997146794927272491665047203766640406980478430997179
10316579953866499300466560347346203660777116684897462488306623170905863766295505
06018449025114182391197701234711261588867023551661353802880094176696950307298864
24988897404214512774601619341786833582780148705173140686493974370197519230269907
07660618264409959976199790326432957150813749858135606302589107177818580029538975
46757052973637543050510493505702837078537597842258167151229051263277160072188909
65305309788640212572993627719669577795484007359808509187186740638706529679928093
65615439280994752921593287259019558492251948047468472783394528101255545325121349
82476417850680646323842032770692331116451810828943645339598737769915197994889774
92613918094269215008820591674156033258129081290817361744432008400400173435782340
12957918641525268444437790806138795214361145467120064217252515084377593971998492
11129548058097566170688160801688747044863270018112357798533734871903799387174503
77229259500436229813977058796361747770771470257652553760105911102029962018177980
15710763404098318935622008839754076453760030302282728007088189152197679275809042
93484343193672930893317023796772042901393295878826059561196647375836391303258673
35733168380997203536074657986597197980280814627727165790346080760523404655767723
71272702816854841429618674020997540932652260644488035629047975988081871558948381
86453457607234284415675459718288586920008391639704169816370863187178545457978260
40515274044502962222611110603535723201946311402625134641782877496358745321040729
86103237889787921617109104233085826794446009306349568202265582685566759999778187
77405102117238964451265157957294361063564920975604522648748941331732563081011443
13770652780907307403292620034296537467796916631163243386311268795972611755572490
49662115754100141671845245177101864678395433587952655210619364124122238492773521
82913674286770217991753245130974266688035550184427332950368583685487438918407686
24494217312804276351271261147133840911442951883790377828627294203081972215248151
80444365329371243702831399585260225424341323442747035023841971185625729852547697
78795234036522874640442763179680821865085005114756835217761133397111920043175072
74714310382585423509034838810591267399737178712098968888296662638875369548602003
68399582001512323686568687013608086025303782795335336129695397880982300736024065
06293663941268365217393335758124741007669378428652925745208634017097499857904789
06362127213511632937320841904011809499234882524106969589487753943041110575224603
67478911249983832660413831318363757474566640894020383426836366940979923594787552
12376252806566967987713694103268536979450467389367519967934340542145484524610099
49906795065212588494503520768308092860254621108281362845739217104362585430261202
01310412248525493591841336794118247101834330450559643454517850269745710888448610
40913456959535436253894239548643450775555653138095862516563765663389206802924454
17315993270368085198828227025674995167314123730336861861870889933005656948923969
90494480781930894259360936098964260750464890264377225452284132177150165378246224
36631864114348122939033322936156300821329971666748282434047775629114119309997897
59256477450882711483660671765439223671974257828290860918256722037386889450130085
88127685262389155777284975570083757870265745711625647051117095171427959498617215
47347568294912335003495940490973876265173126153125758667429823326168224433830797
78061956231245373927373809505651602895681634973222606318729138939209498326615864
47954823448994049371810797593488392150461429816000943561084194154024582841914100
98048062188023904492437441354706248582091163941913395376878619104523656899250307
71831442826757740347675663749531317975088486475697702499230546803179149403320809
23709819437919909354373501858995965016569334149879518592623933985333534984749320
60501395528494738669149113603723642628608136509003246020242944925342262359529987
17545455194772197056440909305401858729060706023410657564747232660486659533161719
89947949597859475447354447225368611746853462251668907415654943861535391781173070
39974491928887772398944119953422382648612078243353555432993011020255187137122150
06528984400550050687063047095001512425140020931099514572325758006718381466735507
15521154707235181563204627761730804206247019575135679208149335406724878606684602
27235249329792830478421506342569523398807743451801613355973292547853464013823151
92229813206995150156050269978706499818506795439834941878675137142047453510998627
72415612457759366537727448712226184792871991251393746497408457536483575205910108
10142362141736681411672732383833491580880112762265846808931509650221597025786893
99045488595228293478510896314139332457787074998811792203354250261202894302349306
01733725934920280585656318025503669025410214596559258720864282002386193676429175
13094931694412937507048815873900768580641341141662160075493778818663307433094435
62240192765955039150226531075964933450073914710270145780612872795698537209048010
01816347477015112269955146563204624959606499339097533338186495259977050129117725
37759244638839500570691798152865833198448184834461842877621915272772399310140352
73909786102821420704426010755795103847192298165982370990467258241102002260425425
55386233862226103408747255304638040602632551806854997429729817638837155506832446
66183503327190731164339730585380575538709792027287503700772643196998354049646950
10917232444565472316776016380636417123087820827675739907530631847811628863378990
59590378858854189788198430603999334472433657272934511178423886422152153591348908
38707022527638388011668107333438372436229697173224373134124719572765148088125048
83424282956406370340786372814471600875196346585153763917219479281899930870995184
69146145359703779097200474526670086038228301813358275319397156943500654803004605
45938752180400869053412154875071552500203330839605915422661319534579719855101991
90049424109293380342787068430340153966574463830787123118495336510274122961724319
72157650127087279238469715826580275717916051935453629430957948992048729964189741
46505669814426780304887873579059179452750359288488495210509749085353028392379556
95190596252650820328842109492401360593885700266788304581703664859648415265629504
72800826192823203295532736972356270618172222173365241905395025317080128075515713
21182255127488857649440531700348808551639640892354182299711771963505774823031741
92501665699636352895878108939273646485374385039943710996431973308452393138204516
94867248658491535476532040455988888556048629362423722497851827082609524889801102
28736217083022878205365271926277228458299669422002574995296389248230095231444475
68026042596386113720640601594878164109797068553386048868586430509595365701076971
75384019691692305381734128721191024661308734604079855367403134103656809798966189
55763873915463098703444793339333202142075868733317554539053489891995132320231237
46185686053687090568870367590866723881074637102073138452224373365009767499262463
51811896602487801001558730491912555993523655673675348544896058376164841961131201
05006842824730912359654617758292074358596253940040405317186181678618152001610761
77235966450137587538709450430043765231355291822536009410116015329065709204456116
34623979781355048565496349226060510182649568514235897120046206002978835343287016
08855325909045356347445343422342698778318489320561346765639362020343266709588655
37485837828949901806461783300228973033012157905959405594894366573164773044056369
59628837297577738154902214011257829301576134739446262450971444843579647421757250
41341022394021400482710750709029523457676871509039892567004113891730580937084052
33852753497769719669098991961926201279865618066018247507244720051491944928496815
72121685903877228530926674007252860962509651419589483970053802059556385753044162
53416077947688013190743952007465011734204294847289648838025829349422471202652586
11682274588246113779164201164321317744750841485132873751059770796698539373318485
20982946496731141322622631629957391232345130903026501077941072751349705998057049
20536249130892448746392322317447490307908361080314039332723537432311685019739828
14641937231928695664099104172208701461667705538980171810070536784700429644082578
73655407628176124984418919597635002300562347118232449450277297429405923150387337
17420049276579797098649646803265624706430132503590292483425554919847604475190867
46670088033458372484576406852519313337096008861090950848687762369603371744455875
32129563424600610353952957550254941800359631792309955188229662462141614717788944
78632130297577877067539898804733696870772075592055888739743655855691295362986234
27972670385644427664623119814967669897938180815646769198225278824066792739980081
25554749161783616617610884565623820183177999986418709886992708352096172042178975
21381480587638058195953024409708073169507325511370768537876842902957206742919354
84473912524281314907313018744527280362128373270990041975890302427576504842688736
00165594665316099960918617460100307522437417672336158615391331171840779505972281
54604580925188085242581336041675654477054171744357748948416003737102998358320890
40459502301848688124498210700271566166877022467771842316878092248537587878691701
23755847803189148132123740529738804035905899372424006646055685731283337235410780
84852601347619431335671520753865632298952848723730111394021475143650667481691863
69830449753379346762880701249777637137399268071717602575643234334552854141636554
00487347441704139723124274294637988282385625190791134762692297109423954395755205
24473395733872610235730253560532880227017440148293797136910332519997172607255220
01001240096099339525548418216086532337683285868538714473405283049112438908557996
69183825649408710916849793433141961199037096724417419316144918105046191677477333
95547536721166720426811079113895739361958025613903159296794428281272913778674229
33817785084137160202619834108324294332298902662218545315068042503786532708573039
45724119299863872260394678126192257521183853722485202019742753912122582632451629
12945899492898520318220304996151380212055460176114232685971565221278616851598064
94950386852606853679390474333119704946000669269108145299069625101073479552578429
97660852093205677974150495779102508072913978653826451238636041560597923453603325
20282633219826935444651382214205851019443660773489518236093774096574559769747854
53977687988306849877648725710335148044107519581193747860234378415370187826805060
93040983380665832577732749103453588969516830140073331941253400357488311210056967
02998089356104228056512533180561573004415532075521444480404130163984773671092384
34954665422567497175965793675949006182262656864131670970007968513422904751714624
90758408772177216382413406692039000012233661746201101927451246011988404731139602
29732853681088027186937885898521067586062580670591625343212178682987076165560978
60550938237949556478124601249805822769081284343622735334371742709579739721240501
32423802191680073539181033510835692009095346349640921129217675066018084582717169
00533061853033886780867873915263566212558581220239798490828443757739133788421008
58399433529860115474739645593296410414790055806891447557398065059773463787919374
45171862102826016708041517866317576627530174955748875914584861269643240455092081
09532929205138948202935181972514337389948924053813454550570145405506364280028627
43765969781097387970930020640539506764618555942722403847418274982405410069057777
51409493856945902455020156346238635268084402398631444849769758535418721571805997
88340688052294983150388587855261604635911140849671468551688491638905661174338624
01245086950016591916764294281746013200628534297006871279829037205403785666186002
58198224530692762469190683704269982500346253359549718363530629967400465029274689
67448716365388969249113258247733328675226517312225869193299108783233075199355526
45078326460191027450094439112764814344113581578428372684473583192703081850545642
75977470905845949898021416863495694166316578308938576401493394681372325328225436
44885597274053738958025458866077962792626528222574007141452387075328144080775094
27634260922241668815906258397307564501716352374325376370065038913544546154711905
33037519968042020834027246614051307728638442673091195551307489554686562452885815
40659280109860128756428751336186745833435630360617938747980890939103654659212228
41505203787509372023856916577223125363518465746479416930444252899859473466191671
39179740034295829302418373829031851625706790883609981257882006774835309873773967
46236556122128416814224175421820313431476695193358638982863442798514103218530629
62512181828870778102734624122030062992721054816708403233466853621459616200190721
00713089071900744753816124300184969613869229661993637011920760602228625720837821
27023563934515789173416898967990540650226131084572297319609234610662225580857791
35592791152502998336938820347223750068941294150553241673957468935862684316300499
33411741463135933678987549052102039726951016003223298796843204471770270053524619
78587879312737616161246674021567097749910397533416153570256670901335540295454362
21307819339483914514694663452054197712438409756223210886746032671490070947450521
30881524171866948777127024035389193531424293421466433901076973044509696310702956
64221338884228679247560124307762675518378756407857622005915689925427336194042276
48089859621583914112311524967016180231853514201058136942924688671693565354495500
42722135923923444849379514411313031039180388051292264420539793088073717964309090
60626128799352853284852887942013876797261975751843404079755590806936493011969111
00318044057963958016045696016959718453220188006511454443922626884056808229841258
56608502134443960001287886839881601382834020561556082076322651971619862725135669
25919553412173300914290859414222349916499520539038799843033866314563062368036794
75713685161523421459561648455401257981890288993012347692537850908775129782968560
08013487271159533625484266050921425092159809288647415378771312370868404779327045
71976230153416282111115189802907184485583136476910608384724889126625403245947569
88915961812819124153899619846111626422283858310606466196127896198311838909860218
67303533473132286531272118856515980687847426349058871029659071267323277279384587
81411725785813227068122235773524193104000812573206775116833344462943622673208030
09177106660688803387177173824687847774214763646615583641643763316328575245517306
09666729196143584173577036575383961851842784528950237891135603960306138773211756
73864248288734975061535984127597000134666423113549935509039056699210418628617932
52389021542427650345478412067423422317000374319376586947250674702008063740631059
60146513987830001118912278897974514501560988664911217627088399221204535628748986
58193900514557562089306320333831834870384075131877540089990927915022394198145818
84513259169074377734302403497326450962040075046092854219345854279046431603898357
32515921837134396531454222413091640567237504627542769898584658562800466956313801
44283088369748239347018116786129390090971751162121838914000720007167165087125021
13485757026186376225307411584764817899495692005354530178137045822030397792971661
57712765731958384439248701669190294231005202164813716637158670245133748699127857
86737812392958581629098363863569310355216187834363036599297987161730003362647425
86706262703552661085072082594302757593335314994253254808733682870159855477074628
59134369334995969820608355292869969181486718943780812892277208911622013104047537
69270069129912731235965916244771001697328682250118729085263914684419514694609719
28915492410346613463352505276827948245800596083032904340301226947595656938037220
26604948833795442571572317673435400915973595462625339998771607585369415080970018
23820133523820166016515175140239857133056551377956013324929245089310276834017257
74202524633701781485534722141433097568467434944581125220158543782691169543754325
16377167594280527037069577058807662419773902372848922524848558763496650251194977
69134912944981999793200254969175391504102820228739020293342520641557738796744482
88646274201729127232810911242644856728555327276628958822491470683755295752022713
05696173551405231940297486172393704506754433931881704897130768013938797427738744
05873957307507485319506269541179198451721640311555956380438744266542248651220978
11286506151441695075976408968581419581742218295810473833867268026326446126904516
94024696664111508822565643125584613657206711467561511526498091923534801788061768
92111350137112342539580004299074979125956077109453255145753062213645170604488284
39915642458644839204383950335760736541455137317668319891022726158650509310014181
99475445876804792052786416823114509894696935437600197213183366666757615332797429
81232469525655390121275570622517913165578560688029817712765978847952689055698893
64420918527384652120163255486986377906308405705176324800663210651914257650226022
29726396081641372171215732548986743935094917274285787110493831294193987243978046
05939500217371987890330818417480393755346186154211467951643378176932669990864605
36127853009476314172244248064185561569155394491763460386623230430219494970390869
92301570730926813580416079428078647426683141968729268149642763097372722919810708
34941781615455559724768196699466507840203017109164554218002147841358567109227302
39568228309826476628631662913068272069673210179610400196404828788133670402644451
81245651248745106936442364566323147534868404526576199835489954762209846268470950
20947250233842913547998391335659918405885616875099286693072754557926020297967935
32394586392098893305648263500801685979623091850972703148788128735541268083708925
76720657344274883632873585722237598479848604769019382405105076255919829289236932
34311084359926958124811043238111851336870554676385605017472697837676723700446747
24761595051204369855309409831833310189728661517275203062378581072912082997375508
46528388293037257096871297464305312573570429572025738297523555046488917849110693
85297616390188841639052445867880282919110464412053983730002544652560775577392146
26912817562314609876752904757623425772694939272050262287939525712990041630421419
42079279166892228838830716709988297579105726967032108913565388296814962557999551
18876955427567185962915237394632129604503676720085469422843504809350168997145528
47907271922241885411312404862521981155819925797310783395857241611603570790971675
66859540996792487039918186274246471676330688227863844080209461957099861921353648
91605484175032371302608999343755796002928419110064367072025855724403883506294946
88113200050838537414107921210868724227122770070259454121058223484954239577892123
31315101716007850916194122948099997009912001479955849470246816199910135274519379
81875903569939693931431387013966874656086425431460397812689917216753664301754946
29588800343580838012066530556528289698832105052979847745089222370958312890510362
00960789279596855356574972751350502179520230398541990147667504563874909279076345
86538430021677837131095821438696635076193861210665345029847742799158494804582631
30472655976783327665606485219433906381919928624424381064833655142473050073222294
98058848221448794054865199636191757592217094710703574367647057288228295167655524
56074982056617100235103609358050975710527395593032016609359028956687762551042143
91573130372715943846097448464267999181169915777976303155764322763547354257227003
14702140422166123119266629372298506806447246182139444441089140542822509335493430
13368489872306299941825101577226789131419770306324925643213644562885228196647537
57652925008138454404767795522759731390150553187054253224398015542054654316172409
37556444758093617758543491261477975086477843636400515996261117795936707206691877
81368320963371671234788195510891074196104270906707024358417662927335936764004494
16917408776897213052588181818146404762748318375737295248023366638355225317934175
06550754291190452205750432837934947205469064986502528895317681606728325607287918
14789475013122240508144327797923747237759725357160170137810457958847160639038545
15990926986097868262279774175345238311560433161611388993563264951335313641143118
93097121758519624858539154964344153945325242966831625843116337143246217659112981
58252256734929115737425589655434498493419731078517177446306366278343460033895351
94340252381421696117136260725411121635492458551044272491948993726378089800240136
84775802135899203136437769122192804667819723221614706123888036752992914355721785
19040115812228816481809685874281359478353689497855961392955463744797979703363971
88543354348304595321335417620553454568036704547908193958369812342663865741061942
44097181771024907418386823426044046289572638754657323375186029667776281817111681
81706930641340179931913399637481397034609939782023663515137787835725265155662804
65704312819330968201246210942316612393526683873338939620169179763627019891518342
93933029132335306127070700427260366147757717330820379372781250527941000984631411
86145259314885778376084632283770761714268094223645742048669092388158006233919465
07101901863263624644931994008783714561320138687334103058955021955339502982818708
58377116755343102439288900316263754175082163594578225839089739477005930916721505
32285657876427865229483278742625612878282893005308527470506992345514437131337885
28388452599225247796270633162024700568718135477044684728382276167930982113126023
65141320500821468813391930651309444415516994124747831269379688890620469166882537
82491942731558420113812131121598307831938705104572892279234833872935549613891307
03807237229601256424523863756081588969178680117154940310124980085851997197947171
12515623847140145801456932522021590681979363666358075777628235197619648349191679
49040540928289954813886036211004456452155505578445672256512203875972586872405802
82048755680403708927492119630988500005583653345834375553278064479333691077789838
91105262140158744130622757245066848685072331751932750890310875036963413549642807
85163219336670328771266060741424609947244435618910508034241305929384596162530312
89879005952377629710654702865532307719957422752214344577618456649914842982864300
20623264579808797805699053718459607336040329117770393910612512859772703288436158
68110234279538208614805133876838240216620300550301159481395040919814596259697237
74103869333621423050547527919739039349453769054015735853843906331476887965890585
93322277547996395788066316104925742579734720938719843905249411083895212555484685
66325132432529900174731646843923721462816024055317701197250686511202714652432577
98380143505246351794352382315776047575947491045550550845527521314619898905934751
55286729095024499513051616704987872542677381561148206648750633010095428315303135
95628117220753650260070858405630770114375991057100087676410181646401603993797179
54000940709595373797605345226204776393215135721957874871377455400040235632229474
62896212711600756744989486180193279107908631903438092440645673401105917354149548
55277230838325267206206710047023472002442740842367277240862568111541836546300503
44203115375109640830426311633495888060638958225960090793002136043592022174125294
79820288496966495318507703860199092405938182851108292259089039600752460760730094
16063722459383146718967199318553907805860067041184983207823335453646456244479674
67616292757527106857610536802526152945589949115063776381973719780686107611397536
18461065684552083204151240255086805784459484271180520430736171605229535510708194
43214478666449473387292245021629830270285181033825738070721702353907223279822952
72142444140510137374488967412304166003366111921456897249531671348011619894039680
05357744793506938126955243033235852763783855705674904935790457082149289912931521
99045788345956211964422603855289052965809764541464744119820942651403614359239494
87411593637753823044710104893755728411573774087690995894130736084681183472082241
04705581230201122669458169839048860816456765824981763757452020480830112181146346
51019259083068001810437311656257772240407957110731746224527160701826023380363546
02780613426401230686116177950879008804164415177545890330008759974825670062676979
83407958387102911111984171900681647034321944168274104010959221952752660619725695
86610470715508615648113822041096982948029882159858495409511009036675050524907821
45884796417757723382863099511081670978364000969658386856827841891167389814986596
98632177168010414797584113461435505025699394689391990591484267149150140722347582
47181518512608050565136966768209986471330998831903944641488927937986183806191391
10029358921205240365508932092237685634528960583871595826267767682399552840158326
98584318573095841520577234900050709361279703819385111927598066299964310265781214
73603966239808128624536749426397383131071348336029486479143363001851961336144678
92594608377639468807806169943610373758402657475870039626314597106413540751150591
99213801919935412077477271509056551376562469409572480194233658200893091418905146
85749971139188244799270062789533413573514051282684622144683001879903533394494729
77491432923515482450643153861353780791027423770915278965291899092480867564364405
48794915439812559160779811602325167669852092530798301984762645159934620547840613
27835449530839633501341196986103766878362525633975810599981092796256483773046245
01027043586682570717548735255073076384350077701691550666840370341052406355339727
65632067470711397568016625467256454944184120158824982315572662865038722580841940
96312845634350467560100207903236964002566452249855747647339476773300687527597258
72696828567381324611207492015318117363299011483012862031297641472420573363380145
88954249258498420924441155417406675285846633218532024476068498253134321045724215
24570817825645522517227717945094940662526860581708257611267186851360263180412530
18424767841948775973291863641051928933421429502558382925085266927133109742474163
02396319700113909949664541071871963923902374554795642648864513080665001561067688
56768811891876794638490400358577237427896508553367521593281470369804763593659489
31449896445546483118338153318398649218837253362062031815440696056853907086755814
62769942506641689950527060259340543931467924495685121183412858600835719154645057
44707063558240962647086371228282924311908115819565533929314830998387056858377713
63843578638471517365550549716942196165674523911186298837959028973155544866391210
05569900969541746605219178556062882702832128986120431273869922822641513102816890
10940127991807596315044689448275415447590151143733168040091918283488492591592313
73025581940137168005484548527914094539801421549582471771891187319272503856198538
99523775521987606031738498318633291331659702292095210181190193471600400279314500
63078899689827314256201294953960364091790768671563070056496869389203012244902053
22622602022724126093089312147237767617464839175283519071841886617660161607162424
15834268204190534074654063373916452951433150913440080781540493041012357820781311
83974599789853993529323948552525995571235992766361107947803988591780097149662746
76109068275211285659050133897577611280098954559769236338416550525202007316889471
80220630648617767608715001105622665738731280729065288472861447185407971718068910
39047173399422689840183074935561892779564283610242447439113374786034864509937441
50494408033495758709634677320591403755754397871574099250433298428781455307937057
60474844176624526160379973631032340946951927060104966201376520342086467689557181
30930861797373704403871192466196431431719087428984994315777331368175628909429944
75151713219572105957553288966965780423561282340407795304611256847956221509330731
99292174996900141765588682177533476886334349066794369707571581126779931215102379
44088836689996680009329997538283961214929177643349395764560071500229772709509662
09742011995349237059467262842784377948589814504885731827187174208578766403271278
57643269870637224552694282174508438397920615565042990991316883507437267361446752
31394116093685310211711924364835888245488061078471033434787701175304822402790729
41840202814214226174276886935886435764630905329332071318096777930595353223830577
26675922770669667856818656652846042931905256736195586234287229243327590710467114
23529933357456656142393547984302188690864844586365931325814629928730285046992603
00621630384257339769221136777730260860390348982760202749523146796662832891560529
58914502457034135672211914662895198585476218339135411455654884158698692321882056
52552609118988896796303662777895085256909945424787603094836176447618726535629396
70893050051117312987132827813692166479896429615972850560161759177662493698100492
34506645252267753246795989719770429281576622437578266238422724530648623232519211
32516047039786423380944461921971763124868815236882262327490441103230086974860336
73896341000370883430776434141560123742336518243830475653742155793056052426050083
77842360144851518205586477431814364667814875119026862326033350079637164243973485
34364266566693863044459514395832481969093065214891125421372437200901955136017539
39308768452132781289769668774234259398793798299229025014026646405604766353201031
13031170678213787784446948061891821469710938529583720312669857538255184525122752
85624606216494404362731817295745356098292880672873652980023646750798252558587195
66597511817914362750481172994685905493750500349723653563188700862381991055527556
74138871732271303027816587368506340215179834321491341247239635939412859646511404
90444955091837435431803672522562879647464645255768016968576915944554593506287265
42775865044296462302563050333649912926542640845783925292583348106665234277279614
17166652719853725564946827147559765350829242245978005587583640241281441262654434
79446722423236324687216818498265954527977686677856685096291777870168622503495354
69087667728494003546955741271718382429344889797513800096565332608630791426860172
43229709997487902206503812177565475096552875907999179015009327875072194192201569
43937892015614328054436994437980291813343578234670622544446947668784060362804470
47037481301682922065771454136519280263505386593666022600853593288605718231910090
76618175338259845078748461867692667378872941556548250740315100950785414397296451
89279127027494502632777769644831652607322100174033871385995088191295013093200277
78605397688460871712594116583508975838123481795351204624768605065734867408532734
07036919422909174762576643178846352613936211411622922539056103689411012355123084
76348063421507706316821911155600900990144705169964131959323738239336960457111866
54582596416735756579685009233547071895825454236034971317637062903833001733892289
09478352425924292493786685682630724238390207190998450343858432188821225420788625
06145979334907373929966644340542469588934688424257450222205110740885880611385132
08997725130248755119992985189023739543115274116080352147470271430145689601633916
34054050999327208401078739085823609843255666350163099260898432207441906231490840
68102064696449937456412138201243980320623674480424436063814139726169374151121823
88717041681900331499979849150962223694116767865256675182593153091933809313263761
49757094061298694352957018483153165731875714069561398798998050932818863965976854
97389725197523148150917940983625795291031339728381421511608716102228893598084644
62463010779444092869348449625323285834857017054431779738651436976742596634289405
39133931944269634565421441788178557883123689667701352678977718439511459343524912
10582515655742964139475635548533412528384968346688349911982985385825889275438640
84625130788259539361049825905612824081145679094580726635959708743790170171263624
37081099976937885350246031426896263973378189926349961637732292321871414347848269
14931577118866849162761939213964778983218570692726424039869547755408021251097283
29894962724937651315700591522050371428142189657830725654746845600638943876315668
39437094270612685556960465795185909901169629262928935157481848297084989702266456
72888263065108962653222719221472978502676583275490143568469669564220596007086655
73532214422478111721003649126006017693036795360456544734927161695339056900448100
04095024340603590922430085698776521325321589982157602984257440368105570013912878
74251599932640517733665197396188635400141712002572198228897568132090088857192347
05578250721399475810621337372058141857841997635663340417653317236891118286196128
68751147115548046244010978504141071339813808650344895263390544284321357215507388
29417954505451427857454338157541278788658703944437679957886695697504254439681877
38901943836914998018350236851218911323898266400749537327838366372216240034648452
75748473691938504539845766416193481478256520699293277088471658030704273969808159
69786490984172506991211356731398274308144672826003532698783382967192951932449088
54965310643421027448175251400566343225259055445380322933093402060114071932083036
35485780127928436757108377877879286275465445591574559730850411197442014236668018
65200222209283610414061094217559092524039814712271314765908303345732115244547638
36435197010383782669226045336289161491168861059174932168862135362668550818143903
03921358254181054350755305533760113903939233301638526401345185438812200484599320
34054055567196473377196487408711154844609979037607130937933915127611138785940631
50465745547863017216380131555946505771686119874069244056932702421623561765607055
75704241788731886745241880953271229335408875553985319870898460658071943345797222
46716933509757650154802791304818483861709230673537008287197370298457874623577908
55515661353932288085325854854630200211927417859961819326556574607870558379958616
12654404179392883498369997493745149764318947480957273125662877229474608165798990
04479878523688156052101950435082532269001144575673410928606093356840598521239870
59330344746507257140165039204707874188677747564763741972586059178084638271126140
87312711004626247296872332867343718330442895383922410771233609581702616037908722
83688581707760823083155644229662391347295806406013412800814211888282978689700715
98431122520398016939404486372498354760671327028600513979472143287167184157319750
64293389188496452676913875704023091181472020919798916135650663457984154950663872
75734294602204721014896153083417297196310015363626118981939832016569457539635889
81530496159265769702659920139174476079964633926611360074275840911073982022402635
90766030129689576805409552359130057602650365551295456721566765778146084925325556
61577989243473331146191376869049441211251824223433413688571598090608575275753159
40750114731774967314446640922679578226152830016436401012435278990307511619668244
36434832529670773368225376208997066277851098393515299704993120602679498577855225
46951485272217099459578732641612256703451361352911234512241631250779495522281534
92119859320685809288600317623215904786880314549167607238382441579320502374140240
13896983346418013805353506913679769898762128251295435466179576384053928805948321
68704226272496228722515095456134277027341041981362081646529729602486269372944860
66077900892592435805031199528847274131481390356463689557985315704950619371366693
98764356763712613903698936041322991343972697402966187463375281972689924522348241
37174686473943638932176276977653583702383362227823809048090818256512814662508425
96578451941413928941083159680663262292889210804967362710043077782619795142704516
51221164131515155072975147754379207729306861778793890411366952482378696553538188
90039617887172653321122968947533558219300371057458030727332818240133581916219709
88058066658037339607742762207511467300735695818762564091987197519023062790041307
27516252859611636944841419195128908636345009217455597644545128516515660213078072
11363488247099984820572492447681431189370793223004448998325214140941698689307349
20419351064401634110461512471012720805277300145677232946648465572589453981377358
80246062307864583034934767798160674350333379847898516936459750088807213723819071
41548876185757871527632033911817969529891790176592741069519825844555831754764700
30650254660946236967685456800433746178270702221014913061912298616583744551818472
01747080842253545340440140122387810936413915222656808969822428576066962095659554
42969851882672484493296792663698408179928354159793602938179512174952487470042453
11985006817865732827834440919352827926442961312922778205038985047753599805025483
37743636021471456642341732318006236188458938399281993687604843933801407276029011
06413976320702958461924658570801344540973258594308546652140717669002741188352672
71561832300683608040315420902414370272345987955943500779027767557932323395554418
57385401372364837476460139242588384866602610994154849527849945862310447043385787
69429316839781655315158571680212000547957027098101581385618184839819220504281812
35921325273165494993822152671719645831682137373750731159643514969518409022663894
60034273076328309118046613089827111432279829777913794185576278420335503195175251
59095938486258583407371676108624813095973582552027036905774576924195336082720633
51477920931064120817675915319861399912075173445042004594999759954140363348637294
07206392377812589699613232697911044627434267129898777916360240110394449498070516
92378203398872291087437054908964719186799516031066649023160696192975486509834855
83290210839979392615468319188990587221727925838671377285578065055970791543167217
33233910260176805668678865832448735414678601356213620534581113796525740739434547
87028484916042539628879609486718354708660231671015671090043639850454691457897490
51793437020280450822054184454713183847246707515717119712697796612923971334004255
41066920849599968916562058983680002429900271260708314290411238335705520216746348
71304895458284744160112461629718208279207004621912394981170644425347662100057123
76455405966001956058551367127274707083923623132838447014823772417070811799294420
98488759827516898727060245551594397983512922659182114845736514375372778688223264
22332048111097351589291699927815502826539724585979806760346741578963338244590639
24517564257627551441040379173129262976957774283062379879942147877821875275033234
42817818428969548439637827162189130436335651275053465587598094733307579296233755
68834720740214819636340207049118518997970416063245610743692485208193305732956615
07820962658050322933751242710199340324028879024857561017763168351337302045163902
33326582914069362405715120779044326923782249737793783279009538554654320738983680
93748683072129961253114778532524714655738371906341221149439589735790913873539244
12864880372647939760288064264438157638547989128263962519381734380989475446505381
70012637955249819602401733584749600914050768417507035916950362994590702067147184
36815062690263853029868937758934198769411383660888846305838011659058349558673840
23224247057789640132760895547134581737055281170114096081195369887141274558931337
65246830494852934150616088837665477532286458538790334211408273182712143265835214
24806445412044850887989375833571272443181339200692106008277584864452926391984108
70713254505929285435091785173298194114806290536322837811365069601333693245509735
70573503691197666318140537106401928799340904785183809738568113731323789042385232
44456288835669992719294092402328856345081056132856889639624723001703780233296601
89762047332439810125037389653742423078863247461758419552160615276617303740094883
41300182060007446435906238438792091808030104492730963581743040651539764692137759
81253127994315751400762848958168984906853871675388536315487474843521715080302424
30714088662461532847858007767239861120394248390854765235451391176706996344715730
10345791374852389272731243808365338835118018005732777463699578561259527879791122
90875723907894891953996118101494026536093764273659444265995675754317309894061888
53718489308809730296256652720556028484703936141557122554166684376663768435678079
95185816890689599156818279243006467691137984353176494937122515591909131417665328
04662417154013397369692366067920609236651894529792687814120562824816013635673856
88883470413202016073740981210404471525251477014611273260091351319603065065600228
83205296459921653131148740779398490125536565823995291747886465745519373401970820
01987442007726608362107461319928314590779934657920361177721613261596494753816435
79530756372273404549892857668918592646477015986000819042074092272076991851341049
52190360790535243292943405181555306604940485619953593026550729682705915525258249
58360794617958429865305497716153566037281630342653583272562699705856678112765653
54973885614905403226529584626114975604507095475138036339942090313054528404487465
75978610815339616452513030829528265107439824065821660467472060587191470546664896
32948840629185115867643834849217680702778843176888783267778220610294736219095540
97242979365589543687150583957893525279597514428215011047265994409557581335999184
29380094104889431626045009825536156989075644653185326408458547914655750309051309
88091856970475453704262843989942357184684206250316840793796081053202140461153278
53365772820365876318789442091764666055460196064917046809073031083190679653379951
81475622273509029136717377054428910305709051976186598810055405437021609315183634
89421386075185139038874524633825051711059205275628398202246951067289372957261851
84099824632947868023658219500615353456839084416616675526476440303691108907649970
60150305782990535816121700390908176361110018682444272497734533083320896257383588
61460457447491544614694541994609526763243379635485167990900587058608983686188972
15868637524813624164075152802472761929054573256727044171946868931612181090931981
77715786175701633003646860954990355456695532296305662417847513779975940910071953
76753522207109410369571355385811154197045068745673472708875400500280637604532124
37634030278073687761699134232698799587532745887090654649275573883110080775819769
49535719332315930100936564589542041511237482401004426929076426165195248539099692
09194982471984501243715587372597703084358879167144443370578692368672287868380595
43398962076856000956234893100149721533858918044367233971341784795319869187635942
09278850947747441227824749392581764137822973104940009911806210634334085199480420
11716600163264094358835544797595861372938892908291281650190037612432364890208519
58054259753828552638972417758743630364458965552067512337001866040522047251079170
40147141307374472657244533446486409029026266871180582778377579288889282515290611
34277598703695848581154347406339317407452598057775721961454966774715052406311928
45795282573668406014042069241181895724485357425637587207912378188546228610569806
05894308087031053649493515283907439544389681380273366754409448241128142030791242
06214012445920389228924507289198555389800219977064305635460300767059781806771262
65455227330608002512576294295015201982310032138833908462630878747040490438773675
42660783719747753113003371500796115271320631075579745166338788104536557212859241
78206984718955280888789691399160376225156623345396775589890133884677947538193761
24654630506035588787515439873728230051945930800773566858440104373084008813353988
19965229789195551122091607311040605997518018163962705189870193282833339060370550
27807650486615993511557074101064447915424379126763104205928799693636209914666647
43245053488545655744972190071444184486940317351005004772636631724837497946262340
16250155052248806309631435646789983973010664888786784982945331850077428733851048
74996663871767974500941311839686054701849826840722907419541215613873069519564970
43747776113756315775624897236930658595341812582423984839723248150497290927469075
39480683316913316241944932694708250391606087317982750233063071109431201372208477
56387960726519735250070175326006118898255115357749980167142391157824411219718549
93874029515470909450720565720966722978142513556060743435882324932622580281343552
36774938642714279561128070971340579223298591740563906294736320516210171183090727
81337976337867132255359083143032943383684734687677196956627991605314847817696684
51182282443159038779478731022686750183427192816055984567189513868003560069249712
63938464481623100105644064993910776873248898251240766059271931181206452480330904
12840310285970986622120029706246318830631666385356019514278324932070488931287235
64407727159315248886670337152532396745369272361095992997326412201468779204976806
06852014676338600957543855078944772886081736002871646435288699944716228168289078
81111287879925204950924296372550771274186334381267902945456833925731068003253816
23810008823894090508722744486182066403785904216927479343838736519642408365283358
94964866226670658117491500097757525281674095156388895210481431413499698878436731
21708275022358000354033547369653931118950080274861152923410644935358374832206326
11398229050216266561817844669856509696833305073541726925628113759887314350389714
41673183202752464382283278433979957704675281218711809583473270750673032494729626
04610925683444239138259689202885538054717010590436799274421528974611466479541418
76341765268023014274102045794886773428309332435537000970764877745974835890639115
83834753553497370868438258569682770380508406899782485578197117193487336062621127
99726587512081496731029023504316371655962283174847238825081479468614148696004142
87189652077127685244595697498413593757830872642732462018813897932389610416747144
01468362248034938846086745417558986330954931448571576158522844025394545157386389
70072878094365680649681176140921737392028435273743612837195468763133936248701576
45562599085562570163080888305946890554162802314690229898433092213552754854592414
73054673598533427651904570768806947893795151950694105706466363622663340041087015
36058837891268209545702077812783170440582639929411276489448520102433174789260682
47648452540970646715320555547294251248145411609503765418600611147937244641801733
07812061341039663283857091290063872173639122152212518942664686143294857514214112
70755282081103057980310400520185188108866088155622535841587642208999374440430087
88421723397188263564784367865996512619438288754544152544247293987885600795120968
92153836219401431584449386403231609913380849795797266618916697167221244048755724
44202667061926020982992497699719117099259855946060938933260006277211778818049884
99471526238729781407956552458679472893638907306601343114193992633130130054943749
30294252825296926014008511311242318714889226991734813635171667460805565694143410
13867427404432007705907240447040441341699524748363988026685540180189629182882216
63380212819219938147780429930290504669901261343677444559250460401378042775798675
53756789815149328932113810977348257440964103626430780203224957913248969671074204
53769898341772441182101178605529820331494863706925307722106503125256306730205432
44536409680728926330452722491006150721813419264338236326283340405014209166731003
51836256881970857075828368264263226855124170683683745560088256833701993580585888
69537243766135769247847321741358973430988566879113210379038584993511442943729771
77308195682960594447269508151407414445475455762521592824741026608284041421182148
46065322076171215385929877069658408876530586669805929653219254562830952394979859
27149324759444050243775780621444155419093786736731506645358368433770879943930640
99962921659298367526505670109779498725959738589591403701827321090847701812122777
04497037072206590605031590062322006391770739821560781406714400595490835273249200
71418692208555484948495723195342591649800327386442363165131876771738987387885359
66071926164682462434677835878073506753444781812637921573114855449950271735464044
86235537497458617696573105681317964914747970019964215645693973840489804502878980
57241574778899449410007790225587936181874221071790317226528727040056435984048088
38513505241416617060558762966979459322032991987146987589460484597778241584486217
25241656054201606476583870149621684140872490454263902791908627646255988956583394
18123778303134502465182630139023286507728246254989019997036187756896833278040568
60661852610040422262903045408940543967982031574903359479145660988585440266569094
52507473676521237218524847832218384239605308345670625265478663063814799518378177
93339934722196027150700872450128326584819160151862147608463858731156490988074984
32486190131884054882809462141320103454767603483230783693715691581801946799409712
34510807700241637966870019267113166591126351409521612131057451253761030103512512
19440532376183031346323484441731205192488485580482505487526893928410214225334843
24965422111637304834661761582750070833232299343546499679876704923899972926432757
67521582808912854648256156720670503237309600847092918033500243750254312103090387
74225144833392180891335888588808174547206617224095272069014028147977456669915235
62435603829315304007190307492664159316034884183709788088693504533881200722226640
60356826784068891251048191799797813631732410691029012417754090419335106320331521
70673647091525424779070902708189548817347309858695346039867967260083293115929791
06467774920987777694167653642442124000410443998160911062959166638519899152384782
08838959030897489245822007239926748237590278938729446284560962109733374380710579
13495549979814577886295462761230819855016124016806920017065182173775484736182706
79791113313969821460751395896882826290808673363879672780919675173585442751935585
69302754441893997194348942525166999012177370201946058065146235331091292712953241
07423117905658710872818909164789215381391159934871178871220530085348358537845312
78341893345760871674224005140358417066870654339146960160079983545026435807130558
12337798608415741810757990977573506182802661995067544874939868989843294811678243
00612770828812789214707533173654790946288948966019105933644634916999736179297770
40444641101634724493000467182478260871082268811272003203744134871699434884407259
58999112101871140384161032216970055097419345873854013885502123228610055916412091
06775481319468172768749875065757309760620190391381220198807538358678758469976185
07017147883822129924121377327424433673726284581970655105559843398678917294356723
61638351942618107081054243683369903213654750145043431982316170262230629631212006
65389715341199830820866951087163865292227939729876642966504058143533644369638262
37686275446565480752192580209569899646892574493374382317056733484500974153690913
72085703830666224938861918039110691380164467764042161914362709332436296420625779
97757230068793229124819886913580554831046109118553539903248180601998086663716621
62529819926982127532498156677783583204246766922089500936336219988413150889423456
22216314314562259310305594164998482961553431579318505632103682124135603547591311
77293631995331432300523921166073866873234632533068811418085462221884469307527408
72086940276968472810557614676068402142834658582210905809762450522684178936196318
99466758158202484585827781082790610521023385396490925117365028708263904937950033
80425256623616566904122924768620268849045653255386848276949622106929757523502801
72072147936011332632174452528520442753707374213019044423362399228188359466032633
26293873086805801945404235908011185744498193301128928457155565085527294679797150
06953517276715420791150796417105453481569413740998865816873766804328824835110755
09924057469688697576263313767394146992868049117499563210660922557617936004336816
37723856718851545554095754859951844231475556935909191781930701386875355286321350
78072781994363850358206286113529727894577182129337725064088326306303527441017534
41471467767054980522258024795267683751714804745738962966718982821948750251863647
53311639083624895011872535811644324365602938473148885149418181642687801882882498
72865856037053811938379263172212306438794968700541374667612546846226353289806996
41199901201295489347440393866872926489998560420025135442207304677282518242041781
43344349961224337220014056325447552244705347239280908436939888026554926420002865
90810571966087003864356029023924175575510031845888108010350971104116576546488071
14672629789684377149760964618353078565719234956370163816205558463606834934367036
75518132486293328330192830769305669861377